
js <- structure(
    list(
        functionName = c("[0] 1204:18-1238:1 (expr)", "[1] 1205:5-1237:5 (expr)", "[2] 1155:1-1203:1 (expr)", "[3] 1169:15-1202:5 (expr)", "[4] 1178:26-1200:9 (expr)", "[5] 1194:26-1198:13 (expr)", "[6] 1187:24-1193:13 (expr)", "[7] 1180:26-1186:13 (expr)", "[8] commit", "[9] 1163:23-1165:13 (expr)", "[10] 1161:21-1163:13 (expr)", "[11] 1159:20-1161:13 (expr)", "[12] 1076:12-1154:1 (expr)", "[13] 1081:22-1147:5 (expr)", "[14] 1088:57-1145:13 (expr)", "[15] 1132:38-1136:21 (expr)", "[16] 1133:53-1135:25 (expr)", "[17] IEVersion", "[18] 1086:20-1088:13 (expr)", "[19] 1077:33-1079:5 (expr)", "[20] 1066:12-1072:5 (expr)", "[21] 1060:12-1066:5 (expr)", "[22] 1050:12-1060:5 (expr)", "[23] 1042:18-1050:5 (expr)", "[24] 1036:65-1042:5 (expr)", "[25] 1022:23-1034:1 (expr)", "[26] 1015:14-1021:1 (expr)", "[27] 1008:14-1013:1 (expr)", "[28] 984:9-1007:1 (expr)", "[29] 1004:29-1006:5 (expr)", "[30] 936:15-983:1 (expr)", "[31] 950:12-982:5 (expr)", "[32] 956:9-981:9 (expr)", "[33] 974:40-978:17 (expr)", "[34] 975:27-977:21 (expr)", "[35] 958:24-972:13 (expr)", "[36] 895:20-935:1 (expr)", "[37] 920:22-928:13 (expr)", "[38] 892:20-894:1 (expr)", "[39] 820:15-891:1 (expr)", "[40] 876:39-888:5 (expr)", "[41] 877:15-887:9 (expr)", "[42] addQueue", "[43] isLoaded", "[44] execCallback", "[45] 794:17-819:1 (expr)", "[46] 795:23-818:5 (expr)", "[47] 796:15-817:9 (expr)", "[48] 784:12-792:5 (expr)", "[49] 778:16-784:5 (expr)", "[50] 775:17-778:5 (expr)", "[51] 763:16-775:5 (expr)", "[52] 754:47-763:5 (expr)", "[53] 745:18-750:9 (expr)", "[54] 740:16-742:9 (expr)", "[55] 732:18-736:9 (expr)", "[56] 727:16-729:9 (expr)", "[57] 717:18-723:9 (expr)", "[58] 719:64-722:13 (expr)", "[59] 704:18-706:9 (expr)", "[60] 696:143-698:9 (expr)", "[61] 694:57-696:9 (expr)", "[62] 689:41-691:9 (expr)", "[63] 684:41-686:9 (expr)", "[64] 679:111-681:9 (expr)", "[65] 677:37-679:9 (expr)", "[66] 672:111-674:9 (expr)", "[67] 670:42-672:9 (expr)", "[68] 665:99-667:9 (expr)", "[69] 663:42-665:9 (expr)", "[70] 658:99-660:9 (expr)", "[71] 653:18-655:9 (expr)", "[72] 648:16-650:9 (expr)", "[73] 642:126-644:9 (expr)", "[74] 640:45-642:9 (expr)", "[75] 635:131-637:9 (expr)", "[76] 633:52-635:9 (expr)", "[77] 628:106-630:9 (expr)", "[78] 626:41-628:9 (expr)", "[79] 616:100-623:9 (expr)", "[80] 614:43-616:9 (expr)", "[81] 595:93-601:9 (expr)", "[82] 593:58-595:9 (expr)", "[83] 588:133-590:9 (expr)", "[84] 586:62-588:9 (expr)", "[85] 581:49-583:9 (expr)", "[86] 569:124-578:9 (expr)", "[87] 574:42-576:17 (expr)", "[88] 572:22-574:17 (expr)", "[89] 567:41-569:9 (expr)", "[90] 554:85-564:9 (expr)", "[91] 555:55-563:13 (expr)", "[92] 549:79-551:9 (expr)", "[93] 547:45-549:9 (expr)", "[94] 542:18-544:9 (expr)", "[95] 533:95-536:9 (expr)", "[96] 531:57-533:9 (expr)", "[97] 526:141-528:9 (expr)", "[98] 524:41-526:9 (expr)", "[99] 516:93-521:9 (expr)", "[100] 514:40-516:9 (expr)", "[101] 509:103-511:9 (expr)", "[102] 507:45-509:9 (expr)", "[103] 502:94-504:9 (expr)", "[104] 500:42-502:9 (expr)", "[105] 495:18-497:9 (expr)", "[106] 490:16-492:9 (expr)", "[107] 484:18-486:9 (expr)", "[108] 479:16-481:9 (expr)", "[109] 471:18-475:9 (expr)", "[110] 472:13-474:13 (expr)", "[111] 461:18-465:9 (expr)", "[112] 462:13-464:13 (expr)", "[113] 453:18-455:9 (expr)", "[114] 448:16-450:9 (expr)", "[115] 442:18-444:9 (expr)", "[116] 437:16-439:9 (expr)", "[117] 431:137-433:9 (expr)", "[118] 429:41-431:9 (expr)", "[119] 424:18-426:9 (expr)", "[120] 419:16-421:9 (expr)", "[121] 413:18-415:9 (expr)", "[122] 408:16-410:9 (expr)", "[123] 402:114-404:9 (expr)", "[124] 400:47-402:9 (expr)", "[125] 395:115-397:9 (expr)", "[126] 393:61-395:9 (expr)", "[127] 386:18-390:9 (expr)", "[128] 376:99-378:9 (expr)", "[129] 374:40-376:9 (expr)", "[130] 369:85-371:9 (expr)", "[131] 367:36-369:9 (expr)", "[132] 362:70-364:9 (expr)", "[133] 360:41-362:9 (expr)", "[134] 355:132-357:9 (expr)", "[135] 353:42-355:9 (expr)", "[136] 339:18-350:9 (expr)", "[137] 333:16-335:9 (expr)", "[138] 327:18-329:9 (expr)", "[139] 322:16-324:9 (expr)", "[140] 316:93-318:9 (expr)", "[141] 314:41-316:9 (expr)", "[142] 309:18-311:9 (expr)", "[143] 304:16-306:9 (expr)", "[144] 298:66-300:9 (expr)", "[145] 296:44-298:9 (expr)", "[146] 291:62-293:9 (expr)", "[147] 289:40-291:9 (expr)", "[148] 284:60-286:9 (expr)", "[149] 282:50-284:9 (expr)", "[150] 276:43-278:9 (expr)", "[151] 271:113-273:9 (expr)", "[152] 269:47-271:9 (expr)", "[153] 262:118-266:9 (expr)", "[154] 260:47-262:9 (expr)", "[155] 255:90-257:9 (expr)", "[156] 253:45-255:9 (expr)", "[157] 248:105-250:9 (expr)", "[158] 246:47-248:9 (expr)", "[159] 241:133-243:9 (expr)", "[160] 239:59-241:9 (expr)", "[161] 234:133-236:9 (expr)", "[162] 232:45-234:9 (expr)", "[163] 227:18-229:9 (expr)", "[164] 222:16-224:9 (expr)", "[165] 216:141-218:9 (expr)", "[166] 214:43-216:9 (expr)", "[167] 209:18-211:9 (expr)", "[168] 204:16-206:9 (expr)", "[169] 198:98-200:9 (expr)", "[170] 196:41-198:9 (expr)", "[171] 191:18-193:9 (expr)", "[172] 186:16-188:9 (expr)", "[173] 180:18-182:9 (expr)", "[174] 175:16-177:9 (expr)", "[175] 169:18-171:9 (expr)", "[176] 164:16-166:9 (expr)", "[177] 158:18-160:9 (expr)", "[178] 153:16-155:9 (expr)", "[179] 147:113-149:9 (expr)", "[180] 145:61-147:9 (expr)", "[181] 140:95-142:9 (expr)", "[182] 138:44-140:9 (expr)", "[183] 133:44-135:9 (expr)", "[184] 120:27-130:1 (expr)", "[185] removeEvent", "[186] addEvent", "[187] objectToURL", "[188] isArray", "[189] 30:20-54:1 (expr)", "[190] 32:11-53:5 (expr)", "[191] 25:20-29:1 (expr)", "[192] 26:36-28:5 (expr)", "[193] 15:19-24:1 (expr)", "[194] 12:17-14:1 (expr)", "[195] 1:1-10:1 (expr)", "[196] 6:39-7:13 (expr)"),