js <-
structure(
	list(
		functionName = c("1204:18-1238:1 (expr)", "1205:5-1237:5 (expr)", "1155:1-1203:1 (expr)", "1169:15-1202:5 (expr)", "1178:26-1200:9 (expr)", "1194:26-1198:13 (expr)", "1187:24-1193:13 (expr)", "1180:26-1186:13 (expr)", "commit", "1163:23-1165:13 (expr)", "1161:21-1163:13 (expr)", "1159:20-1161:13 (expr)", "1076:12-1154:1 (expr)", "1081:22-1147:5 (expr)", "1088:57-1145:13 (expr)", "1132:38-1136:21 (expr)", "1133:53-1135:25 (expr)", "IEVersion", "1086:20-1088:13 (expr)", "1077:33-1079:5 (expr)", "1066:12-1072:5 (expr)", "1060:12-1066:5 (expr)", "1050:12-1060:5 (expr)", "1042:18-1050:5 (expr)", "1036:65-1042:5 (expr)", "1022:23-1034:1 (expr)", "1015:14-1021:1 (expr)", "1008:14-1013:1 (expr)", "984:9-1007:1 (expr)", "1004:29-1006:5 (expr)", "936:15-983:1 (expr)", "950:12-982:5 (expr)", "956:9-981:9 (expr)", "974:40-978:17 (expr)", "975:27-977:21 (expr)", "958:24-972:13 (expr)", "895:20-935:1 (expr)", "920:22-928:13 (expr)", "892:20-894:1 (expr)", "820:15-891:1 (expr)", "876:39-888:5 (expr)", "877:15-887:9 (expr)", "addQueue", "isLoaded", "execCallback", "794:17-819:1 (expr)", "795:23-818:5 (expr)", "796:15-817:9 (expr)", "784:12-792:5 (expr)", "778:16-784:5 (expr)", "775:17-778:5 (expr)", "763:16-775:5 (expr)", "754:47-763:5 (expr)", "745:18-750:9 (expr)", "740:16-742:9 (expr)", "732:18-736:9 (expr)", "727:16-729:9 (expr)", "717:18-723:9 (expr)", "719:64-722:13 (expr)", "704:18-706:9 (expr)", "696:143-698:9 (expr)", "694:57-696:9 (expr)", "689:41-691:9 (expr)", "684:41-686:9 (expr)", "679:111-681:9 (expr)", "677:37-679:9 (expr)", "672:111-674:9 (expr)", "670:42-672:9 (expr)", "665:99-667:9 (expr)", "663:42-665:9 (expr)", "658:99-660:9 (expr)", "653:18-655:9 (expr)", "648:16-650:9 (expr)", "642:126-644:9 (expr)", "640:45-642:9 (expr)", "635:131-637:9 (expr)", "633:52-635:9 (expr)", "628:106-630:9 (expr)", "626:41-628:9 (expr)", "616:100-623:9 (expr)", "614:43-616:9 (expr)", "595:93-601:9 (expr)", "593:58-595:9 (expr)", "588:133-590:9 (expr)", "586:62-588:9 (expr)", "581:49-583:9 (expr)", "569:124-578:9 (expr)", "574:42-576:17 (expr)", "572:22-574:17 (expr)", "567:41-569:9 (expr)", "554:85-564:9 (expr)", "555:55-563:13 (expr)", "549:79-551:9 (expr)", "547:45-549:9 (expr)", "542:18-544:9 (expr)", "533:95-536:9 (expr)", "531:57-533:9 (expr)", "526:141-528:9 (expr)", "524:41-526:9 (expr)", "516:93-521:9 (expr)", "514:40-516:9 (expr)", "509:103-511:9 (expr)", "507:45-509:9 (expr)", "502:94-504:9 (expr)", "500:42-502:9 (expr)", "495:18-497:9 (expr)", "490:16-492:9 (expr)", "484:18-486:9 (expr)", "479:16-481:9 (expr)", "471:18-475:9 (expr)", "472:13-474:13 (expr)", "461:18-465:9 (expr)", "462:13-464:13 (expr)", "453:18-455:9 (expr)", "448:16-450:9 (expr)", "442:18-444:9 (expr)", "437:16-439:9 (expr)", "431:137-433:9 (expr)", "429:41-431:9 (expr)", "424:18-426:9 (expr)", "419:16-421:9 (expr)", "413:18-415:9 (expr)", "408:16-410:9 (expr)", "402:114-404:9 (expr)", "400:47-402:9 (expr)", "395:115-397:9 (expr)", "393:61-395:9 (expr)", "386:18-390:9 (expr)", "376:99-378:9 (expr)", "374:40-376:9 (expr)", "369:85-371:9 (expr)", "367:36-369:9 (expr)", "362:70-364:9 (expr)", "360:41-362:9 (expr)", "355:132-357:9 (expr)", "353:42-355:9 (expr)", "339:18-350:9 (expr)", "333:16-335:9 (expr)", "327:18-329:9 (expr)", "322:16-324:9 (expr)", "316:93-318:9 (expr)", "314:41-316:9 (expr)", "309:18-311:9 (expr)", "304:16-306:9 (expr)", "298:66-300:9 (expr)", "296:44-298:9 (expr)", "291:62-293:9 (expr)", "289:40-291:9 (expr)", "284:60-286:9 (expr)", "282:50-284:9 (expr)", "276:43-278:9 (expr)", "271:113-273:9 (expr)", "269:47-271:9 (expr)", "262:118-266:9 (expr)", "260:47-262:9 (expr)", "255:90-257:9 (expr)", "253:45-255:9 (expr)", "248:105-250:9 (expr)", "246:47-248:9 (expr)", "241:133-243:9 (expr)", "239:59-241:9 (expr)", "234:133-236:9 (expr)", "232:45-234:9 (expr)", "227:18-229:9 (expr)", "222:16-224:9 (expr)", "216:141-218:9 (expr)", "214:43-216:9 (expr)", "209:18-211:9 (expr)", "204:16-206:9 (expr)", "198:98-200:9 (expr)", "196:41-198:9 (expr)", "191:18-193:9 (expr)", "186:16-188:9 (expr)", "180:18-182:9 (expr)", "175:16-177:9 (expr)", "169:18-171:9 (expr)", "164:16-166:9 (expr)", "158:18-160:9 (expr)", "153:16-155:9 (expr)", "147:113-149:9 (expr)", "145:61-147:9 (expr)", "140:95-142:9 (expr)", "138:44-140:9 (expr)", "133:44-135:9 (expr)", "120:27-130:1 (expr)", "removeEvent", "addEvent", "objectToURL", "isArray", "30:20-54:1 (expr)", "32:11-53:5 (expr)", "25:20-29:1 (expr)", "26:36-28:5 (expr)", "15:19-24:1 (expr)", "12:17-14:1 (expr)", "1:1-10:1 (expr)", "6:39-7:13 (expr)"),